
    STEP   DAMPING               NORMS              COMPUTATION TIMES
  IT SIT     GAMMA     ||d||     ||f||     ||U||   F(x)  DF(x)  SOLVE
   0                          1.87e+02  5.02e+00    0.0    0.0    0.0
   1   1  1.00e+00  2.32e-04  6.11e-02  5.02e+00    0.0    1.1    0.2
   2   1  1.00e+00  2.11e-04  2.51e-03  5.02e+00    0.1    2.1    0.4
   3   1  1.00e+00  2.11e-08  1.47e-10  5.02e+00    0.1    3.1    0.6

 STEP      TIME        ||U||  LABEL  TYPE         omega    po.period          eps        amp29
    0  00:00:38   5.0183e+00      1  EP      2.5840e+00   2.4315e+00   5.0000e-04   7.9927e-04
   10  00:04:44   5.9289e+00      2          3.8624e+00   1.6267e+00   5.0000e-04   1.3374e-03
   20  00:08:49   6.5673e+00      3          4.4167e+00   1.4226e+00   5.0000e-04   2.0546e-03
   30  00:12:49   6.9145e+00      4          4.6954e+00   1.3382e+00   5.0000e-04   2.7560e-03
   40  00:17:02   7.1235e+00      5          4.8573e+00   1.2935e+00   5.0000e-04   3.3266e-03
   50  00:21:06   7.2761e+00      6          4.9730e+00   1.2635e+00   5.0000e-04   3.7990e-03
   60  00:25:03   7.4125e+00      7          5.0748e+00   1.2381e+00   5.0000e-04   4.2519e-03
   70  00:29:03   7.5370e+00      8          5.1664e+00   1.2162e+00   5.0000e-04   4.6724e-03
   80  00:33:10   7.6514e+00      9          5.2496e+00   1.1969e+00   5.0000e-04   5.0621e-03
   90  00:37:11   7.7566e+00     10          5.3254e+00   1.1799e+00   5.0000e-04   5.4180e-03
  100  00:41:10   7.8532e+00     11          5.3945e+00   1.1647e+00   5.0000e-04   5.7375e-03
  110  00:45:17   7.9419e+00     12          5.4575e+00   1.1513e+00   5.0000e-04   6.0227e-03
  120  00:49:20   8.0233e+00     13          5.5150e+00   1.1393e+00   5.0000e-04   6.2763e-03
  130  00:53:26   8.0981e+00     14          5.5677e+00   1.1285e+00   5.0000e-04   6.5013e-03
  140  00:57:20   8.1667e+00     15          5.6158e+00   1.1188e+00   5.0000e-04   6.7003e-03
  150  01:01:07   8.2297e+00     16          5.6600e+00   1.1101e+00   5.0000e-04   6.8758e-03
  160  01:04:59   8.2876e+00     17          5.7004e+00   1.1022e+00   5.0000e-04   7.0319e-03
  170  01:08:44   8.3407e+00     18          5.7375e+00   1.0951e+00   5.0000e-04   7.1702e-03
  180  01:12:33   8.3893e+00     19          5.7714e+00   1.0887e+00   5.0000e-04   7.2906e-03
  190  01:16:25   8.4337e+00     20          5.8024e+00   1.0829e+00   5.0000e-04   7.3940e-03
  200  01:20:18   8.4742e+00     21          5.8308e+00   1.0776e+00   5.0000e-04   7.4819e-03
  210  01:24:10   8.5112e+00     22          5.8568e+00   1.0728e+00   5.0000e-04   7.5550e-03
  220  01:28:09   8.5446e+00     23          5.8803e+00   1.0685e+00   5.0000e-04   7.6136e-03
  230  01:31:55   8.5744e+00     24          5.9014e+00   1.0647e+00   5.0000e-04   7.6579e-03
  240  01:35:39   8.6006e+00     25          5.9201e+00   1.0613e+00   5.0000e-04   7.6880e-03
  250  01:39:26   8.6232e+00     26          5.9363e+00   1.0584e+00   5.0000e-04   7.7040e-03
  260  01:43:20   8.6421e+00     27          5.9502e+00   1.0560e+00   5.0000e-04   7.7058e-03
  270  01:47:09   8.6574e+00     28          5.9616e+00   1.0539e+00   5.0000e-04   7.6933e-03
  280  01:51:07   8.6690e+00     29          5.9705e+00   1.0524e+00   5.0000e-04   7.6662e-03
  290  01:54:58   8.6767e+00     30          5.9769e+00   1.0512e+00   5.0000e-04   7.6242e-03
  300  01:58:45   8.6806e+00     31          5.9808e+00   1.0506e+00   5.0000e-04   7.5667e-03
  310  02:02:39   8.6807e+00     32  FP      5.9820e+00   1.0503e+00   5.0000e-04   7.4945e-03
  310  02:02:39   8.6806e+00     33          5.9820e+00   1.0503e+00   5.0000e-04   7.4931e-03
  320  02:06:22   8.6766e+00     34          5.9806e+00   1.0506e+00   5.0000e-04   7.4026e-03
  330  02:10:08   8.6684e+00     35          5.9765e+00   1.0513e+00   5.0000e-04   7.2941e-03
  340  02:13:54   8.6560e+00     36          5.9696e+00   1.0525e+00   5.0000e-04   7.1664e-03
  350  02:17:39   8.6393e+00     37          5.9598e+00   1.0543e+00   5.0000e-04   7.0179e-03
  360  02:21:25   8.6183e+00     38          5.9471e+00   1.0565e+00   5.0000e-04   6.8469e-03
  370  02:25:26   8.5929e+00     39          5.9315e+00   1.0593e+00   5.0000e-04   6.6512e-03
  380  02:29:24   8.5632e+00     40          5.9131e+00   1.0626e+00   5.0000e-04   6.4283e-03
  390  02:33:23   8.5294e+00     41          5.8919e+00   1.0664e+00   5.0000e-04   6.1751e-03
  400  02:37:24   8.4920e+00     42          5.8684e+00   1.0707e+00   5.0000e-04   5.8880e-03
  410  02:41:23   8.4518e+00     43          5.8431e+00   1.0753e+00   5.0000e-04   5.5621e-03
  420  02:45:30   8.4103e+00     44          5.8170e+00   1.0801e+00   5.0000e-04   5.1914e-03
  430  02:49:34   8.3702e+00     45          5.7922e+00   1.0848e+00   5.0000e-04   4.7670e-03
  440  02:53:44   8.3367e+00     46          5.7725e+00   1.0885e+00   5.0000e-04   4.2778e-03
  449  02:57:26   8.3214e+00     47  FP      5.7656e+00   1.0898e+00   5.0000e-04   3.8119e-03
  450  02:57:50   8.3207e+00     48          5.7659e+00   1.0897e+00   5.0000e-04   3.7204e-03
  460  03:01:49   8.3388e+00     49          5.7841e+00   1.0863e+00   5.0000e-04   3.1432e-03
  470  03:05:46   8.4090e+00     50          5.8402e+00   1.0759e+00   5.0000e-04   2.5687e-03
  480  03:09:51   8.5713e+00     51          5.9638e+00   1.0535e+00   5.0000e-04   1.9833e-03
  490  03:13:52   8.9477e+00     52          6.2441e+00   1.0063e+00   5.0000e-04   1.3643e-03
  500  03:17:47   1.0115e+01     53          7.0965e+00   8.8539e-01   5.0000e-04   6.9738e-04
  507  03:20:41   1.6098e+01     54  EP      1.1370e+01   5.5262e-01   5.0000e-04   1.6759e-04
