
    STEP   DAMPING               NORMS              COMPUTATION TIMES
  IT SIT     GAMMA     ||d||     ||f||     ||U||   F(x)  DF(x)  SOLVE
   0                          5.79e-02  5.02e+00    0.0    0.0    0.0
   1   1  1.00e+00  4.05e-07  9.89e-08  5.02e+00    0.0    1.1    0.2

 STEP      TIME        ||U||  LABEL  TYPE         omega    po.period          eps        amp29
    0  00:00:32   5.0179e+00      1  EP      2.5840e+00   2.4315e+00   5.0000e-04   1.4333e-05
   10  00:05:06   7.3857e+00      2          5.0734e+00   1.2384e+00   5.0000e-04   2.9465e-04
   20  00:09:17   7.4946e+00      3          5.1564e+00   1.2185e+00   5.0000e-04   1.0026e-03
   30  00:13:25   7.5358e+00      4          5.1867e+00   1.2114e+00   5.0000e-04   1.4930e-03
   40  00:17:29   7.5656e+00      5          5.2086e+00   1.2063e+00   5.0000e-04   1.7884e-03
   50  00:21:31   7.5821e+00      6          5.2207e+00   1.2035e+00   5.0000e-04   1.9104e-03
   60  00:25:42   7.5909e+00      7          5.2273e+00   1.2020e+00   5.0000e-04   1.9392e-03
   69  00:29:35   7.5929e+00      8  FP      5.2290e+00   1.2016e+00   5.0000e-04   1.8984e-03
   70  00:30:00   7.5927e+00      9          5.2289e+00   1.2016e+00   5.0000e-04   1.8815e-03
   80  00:34:04   7.5871e+00     10          5.2253e+00   1.2025e+00   5.0000e-04   1.7170e-03
   90  00:38:12   7.5729e+00     11          5.2157e+00   1.2047e+00   5.0000e-04   1.3499e-03
   97  00:41:11   7.5658e+00     12  FP      5.2112e+00   1.2057e+00   5.0000e-04   9.8093e-04
  100  00:42:27   7.5682e+00     13          5.2134e+00   1.2052e+00   5.0000e-04   7.7019e-04
  110  00:46:24   7.6292e+00     14          5.2607e+00   1.1944e+00   5.0000e-04   3.0486e-04
  120  00:50:29   1.0858e+01     15          7.6338e+00   8.2308e-01   5.0000e-04   9.3395e-06
  122  00:51:25   1.6098e+01     16  EP      1.1370e+01   5.5262e-01   5.0000e-04   2.9923e-06
