
    STEP   DAMPING               NORMS              COMPUTATION TIMES
  IT SIT     GAMMA     ||d||     ||f||     ||U||   F(x)  DF(x)  SOLVE
   0                          6.32e+02  5.02e+00    0.0    0.0    0.0
   1   1  1.00e+00  1.08e-03  4.59e-01  5.02e+00    0.0    1.1    0.2
   2   1  1.00e+00  2.14e-03  1.43e-01  5.02e+00    0.0    2.1    0.4
   3   1  1.00e+00  1.66e-06  6.67e-07  5.02e+00    0.1    3.1    0.6
   4   1  1.00e+00  1.76e-09  1.70e-10  5.02e+00    0.1    4.1    0.8

 STEP      TIME        ||U||  LABEL  TYPE         omega    po.period          eps        amp29
    0  00:00:42   5.0191e+00      1  EP      2.5840e+00   2.4315e+00   5.0000e-04   1.4149e-03
   10  00:04:46   5.5996e+00      2          3.5355e+00   1.7772e+00   5.0000e-04   1.9470e-03
   20  00:08:55   6.1877e+00      3          4.0913e+00   1.5357e+00   5.0000e-04   2.6138e-03
   30  00:13:02   6.5721e+00      4          4.4144e+00   1.4233e+00   5.0000e-04   3.2518e-03
   40  00:17:01   6.8142e+00      5          4.6084e+00   1.3634e+00   5.0000e-04   3.7610e-03
   50  00:20:59   7.0054e+00      6          4.7573e+00   1.3207e+00   5.0000e-04   4.2201e-03
   60  00:24:43   7.1765e+00      7          4.8878e+00   1.2855e+00   5.0000e-04   4.6636e-03
   70  00:28:44   7.3330e+00      8          5.0052e+00   1.2553e+00   5.0000e-04   5.0934e-03
   80  00:32:36   7.4780e+00      9          5.1123e+00   1.2290e+00   5.0000e-04   5.5027e-03
   90  00:36:27   7.6131e+00     10          5.2108e+00   1.2058e+00   5.0000e-04   5.8895e-03
  100  00:40:24   7.7391e+00     11          5.3017e+00   1.1851e+00   5.0000e-04   6.2479e-03
  110  00:44:17   7.8568e+00     12          5.3858e+00   1.1666e+00   5.0000e-04   6.5859e-03
  120  00:48:08   7.9665e+00     13          5.4637e+00   1.1500e+00   5.0000e-04   6.8923e-03
  130  00:52:03   8.0688e+00     14          5.5358e+00   1.1350e+00   5.0000e-04   7.1727e-03
  140  00:55:59   8.1642e+00     15          5.6026e+00   1.1215e+00   5.0000e-04   7.4344e-03
  150  00:59:53   8.2532e+00     16          5.6646e+00   1.1092e+00   5.0000e-04   7.6694e-03
  160  01:03:54   8.3362e+00     17          5.7223e+00   1.0980e+00   5.0000e-04   7.8793e-03
  170  01:07:47   8.4137e+00     18          5.7759e+00   1.0878e+00   5.0000e-04   8.0764e-03
  180  01:11:36   8.4861e+00     19          5.8259e+00   1.0785e+00   5.0000e-04   8.2550e-03
  190  01:15:36   8.5536e+00     20          5.8724e+00   1.0700e+00   5.0000e-04   8.4131e-03
  200  01:19:34   8.6166e+00     21          5.9158e+00   1.0621e+00   5.0000e-04   8.5514e-03
  210  01:23:22   8.6754e+00     22          5.9561e+00   1.0549e+00   5.0000e-04   8.6854e-03
  220  01:27:15   8.7301e+00     23          5.9938e+00   1.0483e+00   5.0000e-04   8.8023e-03
  230  01:31:10   8.7810e+00     24          6.0287e+00   1.0422e+00   5.0000e-04   8.9022e-03
  240  01:34:57   8.8282e+00     25          6.0612e+00   1.0366e+00   5.0000e-04   8.9871e-03
  250  01:38:51   8.8719e+00     26          6.0913e+00   1.0315e+00   5.0000e-04   9.0701e-03
  260  01:42:53   8.9121e+00     27          6.1192e+00   1.0268e+00   5.0000e-04   9.1375e-03
  270  01:46:48   8.9491e+00     28          6.1448e+00   1.0225e+00   5.0000e-04   9.1897e-03
  280  01:50:40   8.9828e+00     29          6.1682e+00   1.0186e+00   5.0000e-04   9.2307e-03
  290  01:54:42   9.0134e+00     30          6.1896e+00   1.0151e+00   5.0000e-04   9.2692e-03
  300  01:58:32   9.0408e+00     31          6.2089e+00   1.0120e+00   5.0000e-04   9.2932e-03
  310  02:02:25   9.0651e+00     32          6.2263e+00   1.0091e+00   5.0000e-04   9.3028e-03
  320  02:06:17   9.0864e+00     33          6.2416e+00   1.0067e+00   5.0000e-04   9.3027e-03
  330  02:10:09   9.1046e+00     34          6.2549e+00   1.0045e+00   5.0000e-04   9.2995e-03
  340  02:13:58   9.1198e+00     35          6.2663e+00   1.0027e+00   5.0000e-04   9.2819e-03
  350  02:17:48   9.1319e+00     36          6.2756e+00   1.0012e+00   5.0000e-04   9.2500e-03
  360  02:21:43   9.1409e+00     37          6.2830e+00   1.0000e+00   5.0000e-04   9.2067e-03
  370  02:25:40   9.1468e+00     38          6.2884e+00   9.9918e-01   5.0000e-04   9.1607e-03
  380  02:29:29   9.1495e+00     39          6.2917e+00   9.9865e-01   5.0000e-04   9.0996e-03
  390  02:33:23   9.1490e+00     40          6.2929e+00   9.9846e-01   5.0000e-04   9.0234e-03
  391  02:33:53   9.1488e+00     41  FP      6.2929e+00   9.9845e-01   5.0000e-04   9.0171e-03
  400  02:37:24   9.1453e+00     42          6.2920e+00   9.9860e-01   5.0000e-04   8.9318e-03
  410  02:41:22   9.1381e+00     43          6.2890e+00   9.9908e-01   5.0000e-04   8.8346e-03
  420  02:45:18   9.1275e+00     44          6.2837e+00   9.9992e-01   5.0000e-04   8.7232e-03
  430  02:49:05   9.1134e+00     45          6.2761e+00   1.0011e+00   5.0000e-04   8.5942e-03
  440  02:52:55   9.0956e+00     46          6.2662e+00   1.0027e+00   5.0000e-04   8.4470e-03
  450  02:57:02   9.0742e+00     47          6.2540e+00   1.0047e+00   5.0000e-04   8.2806e-03
  460  03:00:53   9.0490e+00     48          6.2392e+00   1.0070e+00   5.0000e-04   8.1019e-03
  470  03:04:47   9.0200e+00     49          6.2221e+00   1.0098e+00   5.0000e-04   7.9026e-03
  480  03:08:38   8.9873e+00     50          6.2025e+00   1.0130e+00   5.0000e-04   7.6790e-03
  490  03:12:40   8.9511e+00     51          6.1806e+00   1.0166e+00   5.0000e-04   7.4293e-03
  500  03:16:24   8.9116e+00     52          6.1566e+00   1.0206e+00   5.0000e-04   7.1514e-03
  510  03:20:10   8.8696e+00     53          6.1311e+00   1.0248e+00   5.0000e-04   6.8451e-03
  520  03:23:57   8.8260e+00     54          6.1046e+00   1.0293e+00   5.0000e-04   6.5123e-03
  530  03:27:45   8.7826e+00     55          6.0784e+00   1.0337e+00   5.0000e-04   6.1435e-03
  540  03:31:35   8.7412e+00     56          6.0540e+00   1.0379e+00   5.0000e-04   5.7296e-03
  550  03:35:30   8.7057e+00     57          6.0340e+00   1.0413e+00   5.0000e-04   5.2632e-03
  560  03:39:44   8.6835e+00     58          6.0239e+00   1.0430e+00   5.0000e-04   4.7460e-03
  562  03:40:40   8.6821e+00     59  FP      6.0238e+00   1.0431e+00   5.0000e-04   4.6730e-03
  570  03:43:53   8.6863e+00     60          6.0321e+00   1.0416e+00   5.0000e-04   4.1860e-03
  580  03:48:01   8.7245e+00     61          6.0654e+00   1.0359e+00   5.0000e-04   3.6473e-03
  590  03:52:05   8.8147e+00     62          6.1365e+00   1.0239e+00   5.0000e-04   3.0907e-03
  600  03:56:11   8.9945e+00     63          6.2728e+00   1.0017e+00   5.0000e-04   2.5091e-03
  610  04:00:22   9.3500e+00     64          6.5365e+00   9.6125e-01   5.0000e-04   1.8947e-03
  620  04:04:22   1.0201e+01     65          7.1577e+00   8.7782e-01   5.0000e-04   1.2090e-03
  630  04:08:30   1.3614e+01     66          9.6039e+00   6.5423e-01   5.0000e-04   4.5850e-04
  632  04:09:33   1.6099e+01     67  EP      1.1370e+01   5.5262e-01   5.0000e-04   2.9934e-04
