
    STEP   DAMPING               NORMS              COMPUTATION TIMES
  IT SIT     GAMMA     ||d||     ||f||     ||U||   F(x)  DF(x)  SOLVE
   0                          3.72e+02  5.02e+00    0.0    0.0    0.0
   1   1  1.00e+00  5.80e-04  2.48e-01  5.02e+00    0.0    1.2    0.2
   2   1  1.00e+00  1.17e-03  3.16e-02  5.02e+00    0.0    2.3    0.4
   3   1  1.00e+00  3.47e-07  2.25e-08  5.02e+00    0.0    3.3    0.6

 STEP      TIME        ||U||  LABEL  TYPE         omega    po.period          eps        amp29
    0  00:00:39   5.0186e+00      1  EP      2.5840e+00   2.4315e+00   5.0000e-04   1.1090e-03
   10  00:04:48   5.7381e+00      2          3.6783e+00   1.7082e+00   5.0000e-04   1.6520e-03
   20  00:09:06   6.3557e+00      3          4.2378e+00   1.4827e+00   5.0000e-04   2.3418e-03
   30  00:13:32   6.7306e+00      4          4.5458e+00   1.3822e+00   5.0000e-04   3.0128e-03
   40  00:18:00   6.9617e+00      5          4.7279e+00   1.3290e+00   5.0000e-04   3.5543e-03
   50  00:22:24   7.1358e+00      6          4.8617e+00   1.2924e+00   5.0000e-04   4.0212e-03
   60  00:26:36   7.2914e+00      7          4.9791e+00   1.2619e+00   5.0000e-04   4.4688e-03
   70  00:30:48   7.4337e+00      8          5.0848e+00   1.2357e+00   5.0000e-04   4.9007e-03
   80  00:34:37   7.5650e+00      9          5.1811e+00   1.2127e+00   5.0000e-04   5.3032e-03
   90  00:38:30   7.6869e+00     10          5.2694e+00   1.1924e+00   5.0000e-04   5.6788e-03
  100  00:42:48   7.8000e+00     11          5.3506e+00   1.1743e+00   5.0000e-04   6.0267e-03
  110  00:46:55   7.9048e+00     12          5.4253e+00   1.1581e+00   5.0000e-04   6.3416e-03
  120  00:50:57   8.0019e+00     13          5.4940e+00   1.1436e+00   5.0000e-04   6.6250e-03
  130  00:54:59   8.0919e+00     14          5.5573e+00   1.1306e+00   5.0000e-04   6.8867e-03
  140  00:58:51   8.1753e+00     15          5.6158e+00   1.1188e+00   5.0000e-04   7.1231e-03
  150  01:02:50   8.2526e+00     16          5.6697e+00   1.1082e+00   5.0000e-04   7.3344e-03
  160  01:06:36   8.3243e+00     17          5.7197e+00   1.0985e+00   5.0000e-04   7.5225e-03
  170  01:10:30   8.3908e+00     18          5.7658e+00   1.0897e+00   5.0000e-04   7.6890e-03
  180  01:14:20   8.4525e+00     19          5.8086e+00   1.0817e+00   5.0000e-04   7.8436e-03
  190  01:18:06   8.5096e+00     20          5.8481e+00   1.0744e+00   5.0000e-04   7.9814e-03
  200  01:21:57   8.5625e+00     21          5.8847e+00   1.0677e+00   5.0000e-04   8.1016e-03
  210  01:25:54   8.6113e+00     22          5.9185e+00   1.0616e+00   5.0000e-04   8.2052e-03
  220  01:29:51   8.6562e+00     23          5.9497e+00   1.0561e+00   5.0000e-04   8.2930e-03
  230  01:33:46   8.6975e+00     24          5.9783e+00   1.0510e+00   5.0000e-04   8.3716e-03
  240  01:37:34   8.7352e+00     25          6.0046e+00   1.0464e+00   5.0000e-04   8.4400e-03
  250  01:41:20   8.7694e+00     26          6.0285e+00   1.0423e+00   5.0000e-04   8.4941e-03
  260  01:45:21   8.8003e+00     27          6.0501e+00   1.0385e+00   5.0000e-04   8.5343e-03
  270  01:49:18   8.8279e+00     28          6.0697e+00   1.0352e+00   5.0000e-04   8.5610e-03
  280  01:53:18   8.8524e+00     29          6.0871e+00   1.0322e+00   5.0000e-04   8.5768e-03
  290  01:57:11   8.8737e+00     30          6.1025e+00   1.0296e+00   5.0000e-04   8.5869e-03
  300  02:01:10   8.8917e+00     31          6.1157e+00   1.0274e+00   5.0000e-04   8.5834e-03
  310  02:05:07   8.9064e+00     32          6.1267e+00   1.0255e+00   5.0000e-04   8.5663e-03
  320  02:09:02   8.9178e+00     33          6.1356e+00   1.0241e+00   5.0000e-04   8.5356e-03
  330  02:12:58   8.9259e+00     34          6.1423e+00   1.0229e+00   5.0000e-04   8.4911e-03
  340  02:16:57   8.9305e+00     35          6.1467e+00   1.0222e+00   5.0000e-04   8.4331e-03
  350  02:20:58   8.9317e+00     36          6.1489e+00   1.0218e+00   5.0000e-04   8.3681e-03
  355  02:23:02   8.9311e+00     37  FP      6.1491e+00   1.0218e+00   5.0000e-04   8.3348e-03
  360  02:24:58   8.9293e+00     38          6.1488e+00   1.0219e+00   5.0000e-04   8.2878e-03
  370  02:28:50   8.9232e+00     39          6.1463e+00   1.0223e+00   5.0000e-04   8.1916e-03
  380  02:32:43   8.9134e+00     40          6.1413e+00   1.0231e+00   5.0000e-04   8.0789e-03
  390  02:36:35   8.8998e+00     41          6.1338e+00   1.0243e+00   5.0000e-04   7.9487e-03
  400  02:40:36   8.8824e+00     42          6.1239e+00   1.0260e+00   5.0000e-04   7.8001e-03
  410  02:44:34   8.8609e+00     43          6.1113e+00   1.0281e+00   5.0000e-04   7.6318e-03
  420  02:48:33   8.8356e+00     44          6.0961e+00   1.0307e+00   5.0000e-04   7.4424e-03
  430  02:52:21   8.8062e+00     45          6.0783e+00   1.0337e+00   5.0000e-04   7.2331e-03
  440  02:56:14   8.7731e+00     46          6.0581e+00   1.0372e+00   5.0000e-04   7.0002e-03
  450  03:00:00   8.7365e+00     47          6.0355e+00   1.0410e+00   5.0000e-04   6.7393e-03
  460  03:03:57   8.6968e+00     48          6.0110e+00   1.0453e+00   5.0000e-04   6.4476e-03
  470  03:07:54   8.6549e+00     49          5.9851e+00   1.0498e+00   5.0000e-04   6.1209e-03
  480  03:11:47   8.6121e+00     50          5.9588e+00   1.0544e+00   5.0000e-04   5.7541e-03
  490  03:15:53   8.5708e+00     51          5.9337e+00   1.0589e+00   5.0000e-04   5.3398e-03
  500  03:20:02   8.5350e+00     52          5.9130e+00   1.0626e+00   5.0000e-04   4.8700e-03
  510  03:24:08   8.5130e+00     53          5.9026e+00   1.0645e+00   5.0000e-04   4.3420e-03
  512  03:25:07   8.5120e+00     54  FP      5.9025e+00   1.0645e+00   5.0000e-04   4.2807e-03
  520  03:28:28   8.5184e+00     55          5.9122e+00   1.0628e+00   5.0000e-04   3.7718e-03
  530  03:32:42   8.5628e+00     56          5.9496e+00   1.0561e+00   5.0000e-04   3.2254e-03
  540  03:36:56   8.6686e+00     57          6.0319e+00   1.0417e+00   5.0000e-04   2.6589e-03
  550  03:41:08   8.8888e+00     58          6.1977e+00   1.0138e+00   5.0000e-04   2.0654e-03
  560  03:45:19   9.3694e+00     59          6.5527e+00   9.5887e-01   5.0000e-04   1.4349e-03
  570  03:49:26   1.0787e+01     60          7.5818e+00   8.2872e-01   5.0000e-04   7.4901e-04
  577  03:52:32   1.6098e+01     61  EP      1.1370e+01   5.5262e-01   5.0000e-04   2.3345e-04
