
    STEP   DAMPING               NORMS              COMPUTATION TIMES
  IT SIT     GAMMA     ||d||     ||f||     ||U||   F(x)  DF(x)  SOLVE
   0                          4.92e+02  5.02e+00    0.0    0.0    0.0
   1   1  1.00e+00  5.14e-04  3.21e-01  5.02e+00    0.0    1.2    0.2
   2   1  1.00e+00  1.42e-03  6.80e-02  5.02e+00    0.0    2.2    0.4
   3   1  1.00e+00  6.02e-07  1.35e-07  5.02e+00    0.1    3.2    0.6

 STEP      TIME        ||U||  LABEL  TYPE         omega    po.period          eps        amp29
    0  00:00:40   5.0188e+00      1  EP      2.5840e+00   2.4315e+00   5.0000e-04   1.2625e-03
   10  00:04:38   5.6686e+00      2          3.6078e+00   1.7416e+00   5.0000e-04   1.8058e-03
   20  00:08:47   6.2706e+00      3          4.1641e+00   1.5089e+00   5.0000e-04   2.4844e-03
   30  00:12:48   6.6512e+00      4          4.4802e+00   1.4024e+00   5.0000e-04   3.1393e-03
   40  00:16:44   6.8883e+00      5          4.6685e+00   1.3459e+00   5.0000e-04   3.6645e-03
   50  00:20:26   7.0713e+00      6          4.8101e+00   1.3063e+00   5.0000e-04   4.1275e-03
   60  00:24:13   7.2349e+00      7          4.9342e+00   1.2734e+00   5.0000e-04   4.5728e-03
   70  00:28:01   7.3845e+00      8          5.0459e+00   1.2452e+00   5.0000e-04   5.0051e-03
   80  00:31:44   7.5230e+00      9          5.1477e+00   1.2206e+00   5.0000e-04   5.4092e-03
   90  00:35:35   7.6517e+00     10          5.2413e+00   1.1988e+00   5.0000e-04   5.7945e-03
  100  00:39:23   7.7715e+00     11          5.3276e+00   1.1794e+00   5.0000e-04   6.1471e-03
  110  00:43:19   7.8830e+00     12          5.4071e+00   1.1620e+00   5.0000e-04   6.4719e-03
  120  00:47:11   7.9867e+00     13          5.4806e+00   1.1465e+00   5.0000e-04   6.7731e-03
  130  00:51:02   8.0831e+00     14          5.5484e+00   1.1324e+00   5.0000e-04   7.0445e-03
  140  00:54:49   8.1727e+00     15          5.6112e+00   1.1198e+00   5.0000e-04   7.2879e-03
  150  00:58:40   8.2560e+00     16          5.6693e+00   1.1083e+00   5.0000e-04   7.5130e-03
  160  01:02:31   8.3336e+00     17          5.7232e+00   1.0978e+00   5.0000e-04   7.7182e-03
  170  01:06:14   8.4057e+00     18          5.7732e+00   1.0883e+00   5.0000e-04   7.9010e-03
  180  01:10:06   8.4729e+00     19          5.8196e+00   1.0797e+00   5.0000e-04   8.0629e-03
  190  01:13:59   8.5354e+00     20          5.8628e+00   1.0717e+00   5.0000e-04   8.2096e-03
  200  01:17:58   8.5935e+00     21          5.9029e+00   1.0644e+00   5.0000e-04   8.3456e-03
  210  01:21:56   8.6474e+00     22          5.9401e+00   1.0578e+00   5.0000e-04   8.4642e-03
  220  01:25:54   8.6975e+00     23          5.9746e+00   1.0517e+00   5.0000e-04   8.5659e-03
  230  01:29:41   8.7437e+00     24          6.0065e+00   1.0461e+00   5.0000e-04   8.6515e-03
  240  01:33:30   8.7863e+00     25          6.0360e+00   1.0410e+00   5.0000e-04   8.7346e-03
  250  01:37:28   8.8255e+00     26          6.0631e+00   1.0363e+00   5.0000e-04   8.8028e-03
  260  01:41:19   8.8612e+00     27          6.0880e+00   1.0321e+00   5.0000e-04   8.8563e-03
  270  01:45:17   8.8937e+00     28          6.1107e+00   1.0282e+00   5.0000e-04   8.8953e-03
  280  01:49:15   8.9229e+00     29          6.1312e+00   1.0248e+00   5.0000e-04   8.9283e-03
  290  01:53:12   8.9489e+00     30          6.1496e+00   1.0217e+00   5.0000e-04   8.9529e-03
  300  01:57:06   8.9718e+00     31          6.1660e+00   1.0190e+00   5.0000e-04   8.9635e-03
  310  02:00:55   8.9915e+00     32          6.1803e+00   1.0166e+00   5.0000e-04   8.9604e-03
  320  02:04:44   9.0082e+00     33          6.1926e+00   1.0146e+00   5.0000e-04   8.9445e-03
  330  02:08:43   9.0218e+00     34          6.2029e+00   1.0129e+00   5.0000e-04   8.9267e-03
  340  02:12:43   9.0322e+00     35          6.2112e+00   1.0116e+00   5.0000e-04   8.8949e-03
  350  02:16:41   9.0394e+00     36          6.2173e+00   1.0106e+00   5.0000e-04   8.8489e-03
  360  02:20:33   9.0433e+00     37          6.2214e+00   1.0099e+00   5.0000e-04   8.7886e-03
  370  02:24:27   9.0439e+00     38          6.2233e+00   1.0096e+00   5.0000e-04   8.7144e-03
  374  02:26:09   9.0433e+00     39  FP      6.2234e+00   1.0096e+00   5.0000e-04   8.6914e-03
  380  02:28:27   9.0411e+00     40          6.2229e+00   1.0097e+00   5.0000e-04   8.6353e-03
  390  02:32:23   9.0349e+00     41          6.2204e+00   1.0101e+00   5.0000e-04   8.5403e-03
  400  02:36:20   9.0250e+00     42          6.2155e+00   1.0109e+00   5.0000e-04   8.4289e-03
  410  02:40:09   9.0116e+00     43          6.2083e+00   1.0121e+00   5.0000e-04   8.3004e-03
  420  02:44:02   8.9944e+00     44          6.1986e+00   1.0136e+00   5.0000e-04   8.1541e-03
  430  02:47:55   8.9735e+00     45          6.1865e+00   1.0156e+00   5.0000e-04   7.9899e-03
  440  02:51:45   8.9488e+00     46          6.1720e+00   1.0180e+00   5.0000e-04   7.8124e-03
  450  02:55:41   8.9203e+00     47          6.1549e+00   1.0208e+00   5.0000e-04   7.6125e-03
  460  02:59:33   8.8880e+00     48          6.1353e+00   1.0241e+00   5.0000e-04   7.3881e-03
  470  03:03:27   8.8520e+00     49          6.1135e+00   1.0278e+00   5.0000e-04   7.1368e-03
  480  03:07:15   8.8128e+00     50          6.0895e+00   1.0318e+00   5.0000e-04   6.8565e-03
  490  03:11:10   8.7711e+00     51          6.0639e+00   1.0362e+00   5.0000e-04   6.5444e-03
  500  03:14:58   8.7281e+00     52          6.0376e+00   1.0407e+00   5.0000e-04   6.2017e-03
  510  03:18:44   8.6852e+00     53          6.0116e+00   1.0452e+00   5.0000e-04   5.8216e-03
  520  03:22:34   8.6452e+00     54          5.9879e+00   1.0493e+00   5.0000e-04   5.3923e-03
  530  03:26:37   8.6130e+00     55          5.9702e+00   1.0524e+00   5.0000e-04   4.9048e-03
  538  03:29:58   8.5992e+00     56  FP      5.9647e+00   1.0534e+00   5.0000e-04   4.4844e-03
  540  03:30:50   8.5981e+00     57          5.9653e+00   1.0533e+00   5.0000e-04   4.3607e-03
  550  03:34:51   8.6138e+00     58          5.9824e+00   1.0503e+00   5.0000e-04   3.8006e-03
  560  03:38:58   8.6706e+00     59          6.0290e+00   1.0422e+00   5.0000e-04   3.2575e-03
  570  03:43:07   8.7951e+00     60          6.1250e+00   1.0258e+00   5.0000e-04   2.6876e-03
  580  03:47:18   9.0451e+00     61          6.3124e+00   9.9538e-01   5.0000e-04   2.0895e-03
  590  03:51:38   9.5848e+00     62          6.7096e+00   9.3644e-01   5.0000e-04   1.4496e-03
  600  03:55:47   1.1162e+01     63          7.8513e+00   8.0027e-01   5.0000e-04   7.5429e-04
  606  03:58:24   1.6098e+01     64  EP      1.1370e+01   5.5262e-01   5.0000e-04   2.6639e-04
